-4 -4 0 0 0 0 0 
-3.33432 -3.98598 0.012076 0.196189 0.308238 0.303171 0.270871 
-2.66864 -3.97196 0.024152 0.392378 0.616476 0.606342 0.541741 
-2.00297 -3.95795 0.036228 0.588567 0.924714 0.909513 0.812612 
-0.552265 -4.02238 -0.091841 0.639075 0.962415 1.02076 0.761475 
0.898436 -4.08682 -0.21991 0.689582 1.00012 1.132 0.710339 
2.34914 -4.15125 -0.347979 0.74009 1.03782 1.24325 0.659202 
3.26309 -3.89586 -0.270664 0.755229 0.525987 0.774415 0.579009 
4.17705 -3.64047 -0.19335 0.770368 0.0141559 0.30558 0.498816 
4.40519 -3.87762 -0.671443 1.3793 -0.0235911 0.0352999 0.295011 
4.63334 -4.11477 -1.14954 1.98823 -0.0613381 -0.23498 0.0912066 
4.86148 -4.35192 -1.62763 2.59716 -0.0990851 -0.505261 -0.112598 
4.55554 -2.72724 -1.61876 2.51815 -0.112016 -0.374972 -0.047639 
4.2496 -1.10257 -1.60989 2.43915 -0.124947 -0.244684 0.0173201 
4.2341 -0.0498242 -1.69084 2.3466 -0.248424 -0.241351 0.0653517 
4.2186 1.00292 -1.77179 2.25406 -0.371901 -0.238018 0.113383 
4.20309 2.05567 -1.85273 2.16152 -0.495379 -0.234684 0.161415 
4.18759 3.10842 -1.93368 2.06897 -0.618856 -0.231351 0.209447 
3.59379 3.05421 -0.96684 1.03449 -0.309428 -0.115675 0.104723 
3 3 0 0 0 0 0 

