-3 -3 0 0 0 0 0 
-2.95013 -2.63862 0.192781 0.0144317 0.0799986 0.0699013 0.0014103 
-2.90025 -2.27724 0.385561 0.0288634 0.159997 0.139803 0.0028206 
-2.85038 -1.91586 0.578342 0.0432952 0.239996 0.209704 0.0042309 
-2.8005 -1.55447 0.771122 0.0577269 0.319994 0.279605 0.0056412 
-2.56228 -1.16785 0.593219 0.152483 0.227646 0.269522 -0.0553587 
-2.32405 -0.781217 0.415315 0.247239 0.135298 0.259439 -0.116359 
-2.08583 -0.394588 0.237412 0.341995 0.0429492 0.249355 -0.177359 
-1.8476 -0.00795932 0.059508 0.436751 -0.0493992 0.239272 -0.238358 
-1.60938 0.378669 -0.118396 0.531507 -0.141748 0.229189 -0.299358 
-1.37115 0.765298 -0.296299 0.626263 -0.234096 0.219105 -0.360358 
-1.13293 1.15193 -0.474203 0.721019 -0.326444 0.209022 -0.421358 
-0.894702 1.53856 -0.652106 0.815775 -0.418793 0.198939 -0.482358 
-0.656477 1.92518 -0.83001 0.91053 -0.511141 0.188855 -0.543358 
-0.418252 2.31181 -1.00791 1.00529 -0.603489 0.178772 -0.604358 
-0.0146478 2.27244 -0.817113 0.850166 -0.777842 0.135899 -0.509205 
0.388956 2.23307 -0.626312 0.695046 -0.952195 0.093026 -0.414053 
0.792561 2.1937 -0.435512 0.539926 -1.12655 0.050153 -0.3189 
1.39628 2.09685 -0.217756 0.269963 -1.34867 0.0250765 -0.15945 
2 2 0 0 -1.5708 0 0 

