-4 -4 0 0 0 0 0 
-3.91412 -4.00573 -0.00063577 -0.00533278 -0.0148127 -0.0138824 -0.0476779 
-3.82825 -4.01147 -0.00127154 -0.0106656 -0.0296254 -0.0277648 -0.0953557 
-3.74237 -4.0172 -0.00190731 -0.0159983 -0.0444381 -0.0416472 -0.143034 
-3.6565 -4.02294 -0.00254308 -0.0213311 -0.0592509 -0.0555296 -0.190711 
-3.57062 -4.02867 -0.00317885 -0.0266639 -0.0740636 -0.069412 -0.238389 
-3.48475 -4.03441 -0.00381462 -0.0319967 -0.0888763 -0.0832944 -0.286067 
-3.39887 -4.04014 -0.00445039 -0.0373295 -0.103689 -0.0971768 -0.333745 
-3.313 -4.04588 -0.00508616 -0.0426623 -0.118502 -0.111059 -0.381423 
-3.22712 -4.05161 -0.00572193 -0.047995 -0.133314 -0.124942 -0.429101 
-3.14125 -4.05735 -0.0063577 -0.0533278 -0.148127 -0.138824 -0.476779 
-3.05537 -4.06308 -0.00699347 -0.0586606 -0.16294 -0.152706 -0.524456 
-2.9695 -4.06882 -0.00762924 -0.0639934 -0.177753 -0.166589 -0.572134 
-2.88362 -4.07455 -0.00826501 -0.0693262 -0.192565 -0.180471 -0.619812 
-2.79775 -4.08028 -0.00890078 -0.0746589 -0.207378 -0.194354 -0.66749 
-2.71187 -4.08602 -0.00953655 -0.0799917 -0.222191 -0.208236 -0.715168 
-2.626 -4.09175 -0.0101723 -0.0853245 -0.237003 -0.222118 -0.762846 
-2.54012 -4.09749 -0.0108081 -0.0906573 -0.251816 -0.236001 -0.810524 
-2.45424 -4.10322 -0.0114439 -0.0959901 -0.266629 -0.249883 -0.858201 
-2.36837 -4.10896 -0.0120796 -0.101323 -0.281442 -0.263766 -0.905879 
-2.28249 -4.11469 -0.0127154 -0.106656 -0.296254 -0.277648 -0.953557 
-2.19662 -4.12043 -0.0133512 -0.111988 -0.311067 -0.29153 -1.00123 
-2.11074 -4.12616 -0.0139869 -0.117321 -0.32588 -0.305413 -1.04891 
-2.02487 -4.1319 -0.0146227 -0.122654 -0.340692 -0.319295 -1.09659 
-1.93899 -4.13763 -0.0152585 -0.127987 -0.355505 -0.333178 -1.14427 
-1.85312 -4.14337 -0.0158942 -0.13332 -0.370318 -0.34706 -1.19195 
-1.76724 -4.1491 -0.01653 -0.138652 -0.385131 -0.360942 -1.23962 
-1.68137 -4.15483 -0.0171658 -0.143985 -0.399943 -0.374825 -1.2873 
-1.59549 -4.16057 -0.0178016 -0.149318 -0.414756 -0.388707 -1.33498 
-1.50962 -4.1663 -0.0184373 -0.154651 -0.429569 -0.40259 -1.38266 
-1.42374 -4.17204 -0.0190731 -0.159983 -0.444381 -0.416472 -1.43034 
-1.33787 -4.17777 -0.0197089 -0.165316 -0.459194 -0.430354 -1.47801 
-1.25199 -4.18351 -0.0203446 -0.170649 -0.474007 -0.444237 -1.52569 
-1.16612 -4.18924 -0.0209804 -0.175982 -0.48882 -0.458119 -1.57337 
-1.08024 -4.19498 -0.0216162 -0.181315 -0.503632 -0.472002 -1.62105 
-0.994364 -4.20071 -0.0222519 -0.186647 -0.518445 -0.485884 -1.66872 
-0.908489 -4.20645 -0.0228877 -0.19198 -0.533258 -0.499766 -1.7164 
-0.822614 -4.21218 -0.0235235 -0.197313 -0.54807 -0.513649 -1.76408 
-0.736739 -4.21791 -0.0241593 -0.202646 -0.562883 -0.527531 -1.81176 
-0.650863 -4.22365 -0.024795 -0.207978 -0.577696 -0.541414 -1.85944 
-0.564988 -4.22938 -0.0254308 -0.213311 -0.592509 -0.555296 -1.90711 
-0.479113 -4.23512 -0.0260666 -0.218644 -0.607321 -0.569178 -1.95479 
-0.393237 -4.24085 -0.0267023 -0.223977 -0.622134 -0.583061 -2.00247 
-0.307362 -4.24659 -0.0273381 -0.22931 -0.636947 -0.596943 -2.05015 
-0.221487 -4.25232 -0.0279739 -0.234642 -0.651759 -0.610826 -2.09783 
-0.135611 -4.25806 -0.0286096 -0.239975 -0.666572 -0.624708 -2.1455 
-0.0497362 -4.26379 -0.0292454 -0.245308 -0.681385 -0.63859 -2.19318 
0.0361391 -4.26953 -0.0298812 -0.250641 -0.696198 -0.652473 -2.24086 
0.122014 -4.27526 -0.030517 -0.255974 -0.71101 -0.666355 -2.28854 
0.20789 -4.281 -0.0311527 -0.261306 -0.725823 -0.680238 -2.33621 
0.293765 -4.28673 -0.0317885 -0.266639 -0.740636 -0.69412 -2.38389 
0.37964 -4.29246 -0.0324243 -0.271972 -0.755448 -0.708002 -2.43157 
0.465516 -4.2982 -0.03306 -0.277305 -0.770261 -0.721885 -2.47925 
0.551391 -4.30393 -0.0336958 -0.282637 -0.785074 -0.735767 -2.52693 
0.637266 -4.30967 -0.0343316 -0.28797 -0.799887 -0.74965 -2.5746 
0.723142 -4.3154 -0.0349673 -0.293303 -0.814699 -0.763532 -2.62228 
0.809017 -4.32114 -0.0356031 -0.298636 -0.829512 -0.777414 -2.66996 
0.894892 -4.32687 -0.0362389 -0.303969 -0.844325 -0.791297 -2.71764 
0.980767 -4.33261 -0.0368747 -0.309301 -0.859137 -0.805179 -2.76532 
1.05763 -4.30595 -0.0248924 -0.298124 -0.854698 -0.782228 -2.78228 
1.13449 -4.2793 -0.0129101 -0.286946 -0.850258 -0.759276 -2.79924 
1.21134 -4.25265 -0.000927885 -0.275768 -0.845819 -0.736325 -2.8162 
1.2882 -4.22599 0.0110544 -0.264591 -0.841379 -0.713373 -2.83316 
1.36506 -4.19934 0.0230366 -0.253413 -0.83694 -0.690421 -2.85013 
1.44192 -4.17269 0.0350189 -0.242235 -0.8325 -0.66747 -2.86709 
1.51878 -4.14603 0.0470011 -0.231058 -0.828061 -0.644518 -2.88405 
1.59564 -4.11938 0.0589834 -0.21988 -0.823621 -0.621567 -2.90101 
1.6725 -4.09273 0.0709657 -0.208702 -0.819181 -0.598615 -2.91798 
1.74936 -4.06608 0.0829479 -0.197525 -0.814742 -0.575664 -2.93494 
1.82622 -4.03942 0.0949302 -0.186347 -0.810302 -0.552712 -2.9519 
1.90308 -4.01277 0.106912 -0.17517 -0.805863 -0.52976 -2.96886 
1.97994 -3.98612 0.118895 -0.163992 -0.801423 -0.506809 -2.98582 
2.0568 -3.95946 0.130877 -0.152814 -0.796984 -0.483857 -3.00279 
2.13365 -3.93281 0.142859 -0.141637 -0.792544 -0.460906 -3.01975 
2.21051 -3.90616 0.154841 -0.130459 -0.788105 -0.437954 -3.03671 
2.28737 -3.8795 0.166824 -0.119281 -0.783665 -0.415003 -3.05367 
2.36423 -3.85285 0.178806 -0.108104 -0.779226 -0.392051 -3.07063 
2.44109 -3.8262 0.190788 -0.096926 -0.774786 -0.369099 -3.0876 
2.51795 -3.79954 0.20277 -0.0857483 -0.770347 -0.346148 -3.10456 
2.59481 -3.77289 0.214753 -0.0745707 -0.765907 -0.323196 -3.12152 
2.67167 -3.74624 0.226735 -0.063393 -0.761467 -0.300245 -3.13848 
2.74853 -3.71958 0.238717 -0.0522154 -0.757028 -0.277293 3.12774 
2.82539 -3.69293 0.2507 -0.0410377 -0.752588 -0.254342 3.11078 
2.90225 -3.66628 0.262682 -0.0298601 -0.748149 -0.23139 3.09382 
2.9791 -3.63962 0.274664 -0.0186824 -0.743709 -0.208439 3.07685 
3.05596 -3.61297 0.286646 -0.00750479 -0.73927 -0.185487 3.05989 
3.13282 -3.58632 0.298629 0.00367286 -0.73483 -0.162535 3.04293 
3.20968 -3.55966 0.310611 0.0148505 -0.730391 -0.139584 3.02597 
3.28654 -3.53301 0.322593 0.0260282 -0.725951 -0.116632 3.009 
3.3634 -3.50636 0.334575 0.0372058 -0.721512 -0.0936807 2.99204 
3.44026 -3.47971 0.346558 0.0483835 -0.717072 -0.0707291 2.97508 
3.51712 -3.45305 0.35854 0.0595611 -0.712632 -0.0477776 2.95812 
3.59398 -3.4264 0.370522 0.0707388 -0.708193 -0.024826 2.94116 
3.67084 -3.39975 0.382504 0.0819164 -0.703753 -0.00187445 2.92419 
3.7477 -3.37309 0.394487 0.0930941 -0.699314 0.0210771 2.90723 
3.82456 -3.34644 0.406469 0.104272 -0.694874 0.0440287 2.89027 
3.90141 -3.31979 0.418451 0.115449 -0.690435 0.0669802 2.87331 
3.97827 -3.29313 0.430433 0.126627 -0.685995 0.0899318 2.85634 
4.05513 -3.26648 0.442416 0.137805 -0.681556 0.112883 2.83938 
4.13199 -3.23983 0.454398 0.148982 -0.677116 0.135835 2.82242 
4.20885 -3.21317 0.46638 0.16016 -0.672677 0.158787 2.80546 
4.28571 -3.18652 0.478362 0.171338 -0.668237 0.181738 2.7885 
4.28009 -3.10078 0.477743 0.183117 -0.679847 0.165431 2.79059 
4.27446 -3.01503 0.477124 0.194896 -0.691457 0.149123 2.79269 
4.26884 -2.92929 0.476505 0.206675 -0.703066 0.132816 2.79478 
4.26321 -2.84355 0.475886 0.218454 -0.714676 0.116508 2.79688 
4.25759 -2.75781 0.475266 0.230233 -0.726286 0.1002 2.79897 
4.25196 -2.67206 0.474647 0.242012 -0.737896 0.0838929 2.80107 
4.24634 -2.58632 0.474028 0.253791 -0.749506 0.0675854 2.80316 
4.24071 -2.50058 0.473409 0.26557 -0.761116 0.0512779 2.80526 
4.23509 -2.41483 0.47279 0.277349 -0.772725 0.0349704 2.80735 
4.22946 -2.32909 0.472171 0.289128 -0.784335 0.0186628 2.80945 
4.22384 -2.24335 0.471551 0.300907 -0.795945 0.00235532 2.81154 
4.21821 -2.15761 0.470932 0.312687 -0.807555 -0.0139522 2.81364 
4.21259 -2.07186 0.470313 0.324466 -0.819165 -0.0302597 2.81573 
4.20696 -1.98612 0.469694 0.336245 -0.830775 -0.0465672 2.81783 
4.20134 -1.90038 0.469075 0.348024 -0.842384 -0.0628748 2.81992 
4.19571 -1.81463 0.468456 0.359803 -0.853994 -0.0791823 2.82202 
4.19009 -1.72889 0.467836 0.371582 -0.865604 -0.0954898 2.82411 
4.18446 -1.64315 0.467217 0.383361 -0.877214 -0.111797 2.82621 
4.17884 -1.5574 0.466598 0.39514 -0.888824 -0.128105 2.8283 
4.17321 -1.47166 0.465979 0.406919 -0.900433 -0.144412 2.8304 
4.16759 -1.38592 0.46536 0.418698 -0.912043 -0.16072 2.83249 
4.16196 -1.30018 0.46474 0.430477 -0.923653 -0.177027 2.83459 
4.15634 -1.21443 0.464121 0.442256 -0.935263 -0.193335 2.83668 
4.15071 -1.12869 0.463502 0.454036 -0.946873 -0.209642 2.83878 
4.14509 -1.04295 0.462883 0.465815 -0.958483 -0.22595 2.84087 
4.13946 -0.957204 0.462264 0.477594 -0.970092 -0.242258 2.84297 
4.13384 -0.871461 0.461645 0.489373 -0.981702 -0.258565 2.84506 
4.12821 -0.785718 0.461025 0.501152 -0.993312 -0.274873 2.84716 
4.12259 -0.699975 0.460406 0.512931 -1.00492 -0.29118 2.84925 
4.11696 -0.614232 0.459787 0.52471 -1.01653 -0.307488 2.85135 
4.11134 -0.52849 0.459168 0.536489 -1.02814 -0.323795 2.85344 
4.10571 -0.442747 0.458549 0.548268 -1.03975 -0.340103 2.85554 
4.10009 -0.357004 0.457929 0.560047 -1.05136 -0.35641 2.85763 
4.09446 -0.271261 0.45731 0.571826 -1.06297 -0.372718 2.85973 
4.08884 -0.185518 0.456691 0.583605 -1.07458 -0.389025 2.86182 
4.08321 -0.0997749 0.456072 0.595384 -1.08619 -0.405333 2.86392 
4.07759 -0.014032 0.455453 0.607164 -1.0978 -0.42164 2.86601 
4.07196 0.071711 0.454834 0.618943 -1.10941 -0.437948 2.86811 
4.06634 0.157454 0.454214 0.630722 -1.12102 -0.454255 2.8702 
4.06071 0.243197 0.453595 0.642501 -1.13263 -0.470563 2.8723 
4.05509 0.32894 0.452976 0.65428 -1.14424 -0.48687 2.87439 
4.04946 0.414683 0.452357 0.666059 -1.15585 -0.503178 2.87649 
4.04384 0.500426 0.451738 0.677838 -1.16746 -0.519485 2.87858 
4.03821 0.586169 0.451118 0.689617 -1.17907 -0.535793 2.88068 
4.03259 0.671911 0.450499 0.701396 -1.19068 -0.5521 2.88277 
4.02696 0.757654 0.44988 0.713175 -1.20229 -0.568408 2.88487 
4.02134 0.843397 0.449261 0.724954 -1.2139 -0.584715 2.88696 
4.01571 0.92914 0.448642 0.736733 -1.22551 -0.601023 2.88906 
4.01009 1.01488 0.448023 0.748512 -1.23712 -0.617331 2.89115 
4.00446 1.10063 0.447403 0.760292 -1.24873 -0.633638 2.89325 
3.99884 1.18637 0.446784 0.772071 -1.26034 -0.649946 2.89534 
3.99321 1.27211 0.446165 0.78385 -1.27195 -0.666253 2.89744 
3.98759 1.35785 0.445546 0.795629 -1.28356 -0.682561 2.89953 
3.98197 1.4436 0.444927 0.807408 -1.29517 -0.698868 2.90163 
3.97634 1.52934 0.444307 0.819187 -1.30678 -0.715176 2.90372 
3.97072 1.61508 0.443688 0.830966 -1.31839 -0.731483 2.90582 
3.96509 1.70083 0.443069 0.842745 -1.33 -0.747791 2.90791 
3.95947 1.78657 0.44245 0.854524 -1.34161 -0.764098 2.91001 
3.95384 1.87231 0.441831 0.866303 -1.35322 -0.780406 2.9121 
3.94822 1.95806 0.441212 0.878082 -1.36483 -0.796713 2.9142 
3.94259 2.0438 0.440592 0.889861 -1.37644 -0.813021 2.91629 
3.93697 2.12954 0.439973 0.901641 -1.38805 -0.829328 2.91839 
3.93134 2.21528 0.439354 0.91342 -1.39966 -0.845636 2.92048 
3.92572 2.30103 0.438735 0.925199 -1.41127 -0.861943 2.92258 
3.92009 2.38677 0.438116 0.936978 -1.42288 -0.878251 2.92467 
3.91447 2.47251 0.437496 0.948757 -1.43449 -0.894558 2.92677 
3.90884 2.55826 0.436877 0.960536 -1.4461 -0.910866 2.92886 
3.90322 2.644 0.436258 0.972315 -1.4577 -0.927173 2.93096 
3.89759 2.72974 0.435639 0.984094 -1.46931 -0.943481 2.93305 
3.89197 2.81548 0.43502 0.995873 -1.48092 -0.959789 2.93515 
3.88634 2.90123 0.434401 1.00765 -1.49253 -0.976096 2.93724 
3.88072 2.98697 0.433781 1.01943 -1.50414 -0.992404 2.93934 
3.87509 3.07271 0.433162 1.03121 -1.51575 -1.00871 2.94143 
3.86947 3.15846 0.432543 1.04299 -1.52736 -1.02502 2.94353 
3.86384 3.2442 0.431924 1.05477 -1.53897 -1.04133 2.94562 
3.85822 3.32994 0.431305 1.06655 -1.55058 -1.05763 2.94772 
3.85259 3.41569 0.430685 1.07833 -1.56219 -1.07394 2.94981 
3.84697 3.50143 0.430066 1.09011 -1.5738 -1.09025 2.95191 
3.84134 3.58717 0.429447 1.10188 -1.58541 -1.10656 2.954 
3.83572 3.67291 0.428828 1.11366 -1.59702 -1.12286 2.9561 
3.83009 3.75866 0.428209 1.12544 -1.60863 -1.13917 2.95819 
3.82447 3.8444 0.42759 1.13722 -1.62024 -1.15548 2.96029 
3.77294 3.79162 0.400865 1.06615 -1.51898 -1.08326 2.77527 
3.72141 3.73885 0.374141 0.995069 -1.41771 -1.01104 2.59025 
3.66988 3.68607 0.347417 0.923993 -1.31645 -0.938827 2.40523 
3.61835 3.6333 0.320692 0.852917 -1.21518 -0.866609 2.22022 
3.56682 3.58052 0.293968 0.78184 -1.11392 -0.794392 2.0352 
3.51529 3.52775 0.267243 0.710764 -1.01265 -0.722174 1.85018 
3.46376 3.47497 0.240519 0.639687 -0.911386 -0.649957 1.66516 
3.41223 3.4222 0.213795 0.568611 -0.810121 -0.577739 1.48014 
3.3607 3.36942 0.18707 0.497535 -0.708856 -0.505522 1.29513 
3.30918 3.31665 0.160346 0.426458 -0.607591 -0.433305 1.11011 
3.25765 3.26387 0.133622 0.355382 -0.506326 -0.361087 0.92509 
3.20612 3.2111 0.106897 0.284306 -0.405061 -0.28887 0.740072 
3.15459 3.15832 0.080173 0.213229 -0.303795 -0.216652 0.555054 
3.10306 3.10555 0.0534487 0.142153 -0.20253 -0.144435 0.370036 
3 3 0 0 0 0 0 

